6
25
20
19
12
15
8
14
31
4
8
16
4
28
15
3
0
6
0
15
13
11
0
4
9
10
6
4
3
1
6
0
10
3
6
3
8
28
2
3
12
6
1
11
7
5
3
12
20
15
12
6
4
6
6
0
3
27
12
3
0
12
0
0
21
7
15
3
6
0
4
2
4
8
3
5
5
5
6
13
11
18
8
9
14
10
15
7
2
13
17
5
11
8
2
7
6
2
3
6
14
12
7
9
15
21
15
21
0
19
14
11
5
10
19
10
16
10
6
10
22
5
11
24
22
16
21
37
2
33
15
16
26
25
36
25
30
31
38
34
32
44
28
42
18
36
32
24
27
15
32
21
55
32
41
13
31
14
30
19
12
28
26
26
32
12
16
5
13
21
32
17
45
42
24
58
30
22
13
15
27
22
18
4
39
10
17
9
14
0
24
51
20
0
0
0
0
0
0
22
0
9
0
0
0
0
0
0
1
10
1
0
0
0
6
2
12
4
4
54
14
5
12
39
0
0
0
0
0
0
0
0
0
0
0
0
0
0
0
0
0
0
3
3
12
21
8
4
2
4
2
0
0
0
0
0
0
30
7
0
0
0
0
0
0
0
1
0
13
0
0
15
2
0
0
0
18
15
0
0
0
0
0
16
0
0
7
13
4
23
12
0
14
22
0
0
0
0
0
0
0
0
0
0
0
0
0
0
13
0
3
0
0
6
7
4
0
27
17
1
5
0
0
0
0
0
0
0
0
0
0
0
16
16
0
0
0
0
0
0
0
0
0
0
6
0
0
0
0
0
0
11
32
11
14
19
0
0
0
0
0
22
19
0
0
0
0
0
0
0
0
0
0
0
0
0
0
0
0
0
0
0
0
0
0
0
0
0
0
0
0
0
0
0
0
0
0
0
0
0
0
0
0
0
0
0
0
0
0
0
0
0
0
0
0
0
0
0
0
0
0
0
0
0
0
0
0
0
0
0
0
0
0
0
0
0
0
0
0
0
0
0
0
0
0
0
0
0
0
0
0
0
0
0
0
0
0
0
0
0
0
0
0
0
0
0
0
0
0
0
0
0
0
0
0
0
0
0
0
0
0
0
0
0
0
0
0
0
0
0
0
0
0
0
0
0
0
0
0
0
0
0
0
0
0
0
0
0
0
0
0
0
0
0
0
0
0
0
0
0
0
0
0
0
0
0
0
0
0
0
0
0
0
0
0
0
0
0
0
0
0
0
0
0
0
0
0
0
0
0
0
0
0
0
0
0
0
0
0
0
0
0
0
0
0
0
0
0
0
0
0
0
0
0
0
0
0
0
0
0
0
0
0
0
0
0
0
0
0
0
0
0
0
0
0
0
0
0
0
0
0
0
0
0
0
0
0
0
0
0
0
0
0
0
0
0
0
0
0
0
0
0
0
0
0
0
0
0
0
0
0
0
0
0
0
0
0
0
0
0
0
0
0
0
0
0
0
0
0
0
0
0
0
0
0
0
0
0
0
0
0
0
0
0
0
0
0
0
0
0
0
0
0
0
0
0
0
0
0
0
0
0
0
0
0
0
0
0
0
0
0
0
0
0
0
0
0
0
0
0
0
0
0
0
0
0
0
0
0
0
0
0
0
0
0
0
0
0
0
0
0
